-1.430863738059997559e+00
-1.654507279396057129e+00
-3.957775533199310303e-01
-1.592527329921722412e-01
2.096619307994842529e-01
-1.890421956777572632e-01
-4.631805121898651123e-01
-4.604499340057373047e-01
-9.395785629749298096e-02
-6.397008299827575684e-01
-3.949419558048248291e-01
-3.840044438838958740e-01
6.005036234855651855e-01
-1.024636983871459961e+00
-8.214079141616821289e-01
-6.796184182167053223e-01
-6.494976282119750977e-01
6.462172865867614746e-01
-6.967714428901672363e-02
-1.388723850250244141e-01
3.948872908949851990e-02
-1.227612257003784180e+00
-1.736719757318496704e-01
8.284892141819000244e-02
-5.158156752586364746e-01
6.155268102884292603e-02
-4.385648369789123535e-01
-1.003052741289138794e-01
-8.355087637901306152e-01
9.564524888992309570e-02
-8.818090558052062988e-01
-5.597252249717712402e-01
