-7.871798425912857056e-02
-1.921084076166152954e-01
-9.307106733322143555e-01
-3.322429060935974121e-01
-4.982620850205421448e-02
3.020660877227783203e-01
-1.024352192878723145e+00
-1.042944669723510742e+00
-3.372079730033874512e-01
-9.158298969268798828e-01
-9.530198574066162109e-02
-3.025631904602050781e-01
-1.710314303636550903e-01
-1.033892557024955750e-01
-3.035885840654373169e-02
-4.857572168111801147e-02
-6.601872444152832031e-01
-1.201793313026428223e+00
-1.638661473989486694e-01
-9.699396789073944092e-02
-5.164929032325744629e-01
-9.445759654045104980e-01
-7.932030558586120605e-01
-1.078366160392761230e+00
-3.419125676155090332e-01
-3.240205943584442139e-01
-6.784690022468566895e-01
-1.379327476024627686e-01
-1.217340752482414246e-01
-4.825626611709594727e-01
1.710566729307174683e-01
-8.713523745536804199e-01
