-1.477116465568542480e+00
1.012092009186744690e-01
-1.311504960060119629e+00
-8.504860997200012207e-01
-3.033125996589660645e-01
-3.597635328769683838e-01
2.184280157089233398e-01
-1.387939304113388062e-01
-6.375676989555358887e-01
-2.768323421478271484e-01
2.040289491415023804e-01
-5.990840792655944824e-01
-1.156529039144515991e-01
-1.059282779693603516e+00
-1.846832595765590668e-02
-7.791110873222351074e-01
-2.723470032215118408e-01
-2.710849046707153320e-01
-5.089597105979919434e-01
-5.265205502510070801e-01
-6.024650335311889648e-01
-1.072507143020629883e+00
-7.065987586975097656e-01
5.615597367286682129e-01
-2.893458604812622070e-01
-2.066527009010314941e-01
-3.733965456485748291e-01
-6.888052821159362793e-02
-1.934764236211776733e-01
-5.362728834152221680e-01
-7.324358224868774414e-01
-2.129138261079788208e-01
