-2.453023381531238556e-02
-1.188855290412902832e+00
-1.146420836448669434e+00
-9.811831712722778320e-01
-4.592216610908508301e-01
-9.647554159164428711e-02
-1.977423876523971558e-01
-3.804073110222816467e-02
-3.161760270595550537e-01
-2.030401825904846191e-01
-2.241598814725875854e-01
6.222796440124511719e-01
-2.334935665130615234e-01
-8.565104603767395020e-01
-2.514050602912902832e-01
-4.702084064483642578e-01
-1.794956922531127930e-01
-2.088992595672607422e-01
-2.282930016517639160e-01
-3.765990734100341797e-01
-9.441900253295898438e-01
-1.452146321535110474e-01
-1.290042549371719360e-01
-9.590826928615570068e-02
-5.777646303176879883e-01
-6.787854246795177460e-03
-4.985831975936889648e-01
1.556546092033386230e-01
-6.488777995109558105e-01
-6.334163546562194824e-01
-7.725849151611328125e-01
-1.004608869552612305e+00
