-2.300867587327957153e-01
1.107825990766286850e-02
-3.378897905349731445e-01
-1.839658915996551514e-01
-8.013876080513000488e-01
-1.324937939643859863e-01
5.106009915471076965e-02
-1.650010794401168823e-01
-6.015598773956298828e-01
-4.129613041877746582e-01
-5.061180591583251953e-01
-5.532512068748474121e-01
-6.324926614761352539e-01
-1.857521981000900269e-01
-1.043834805488586426e+00
-1.428055614233016968e-01
2.051370739936828613e-01
-8.520706295967102051e-01
-3.306072652339935303e-01
-5.145041942596435547e-01
-8.537878394126892090e-01
-9.264671802520751953e-01
-6.444727182388305664e-01
-6.094989180564880371e-01
-3.383062183856964111e-01
-5.298119783401489258e-01
-6.639668941497802734e-01
-5.827415585517883301e-01
-7.183563709259033203e-01
2.650818042457103729e-02
-1.908230483531951904e-01
-3.304491639137268066e-01
