
                            < M A T L A B (R) >
                  Copyright 1984-2019 The MathWorks, Inc.
              R2019b Update 2 (9.7.0.1247435) 64-bit (glnxa64)
                              November 7, 2019

 
To get started, type doc.
For product information, visit www.mathworks.com.
 
Starting parallel pool (parpool) using the 'local' profile ...
Connected to the parallel pool (number of workers: 32).
     1

    0.9960

     2

    0.9920

     3

    0.9920

     4

    0.9920

     5

    0.9920

     6

    0.9920

     7

    0.9880

     8

    0.9880

     9

    0.9880

    10

    0.9880

    11

    0.9880

    12

    0.9880

    13

    0.9841

    14

    0.9801

    15

    0.9761

    16

    0.9761

    17

    0.9761

    18

    0.9761

    19

    0.9761

    20

    0.9761

    21

    0.9721

    22

    0.9721

    23

    0.9681

    24

    0.9681

    25

    0.9641

    26

    0.9602

    27

    0.9602

    28

    0.9602

    29

    0.9602

    30

    0.9562

    31

    0.9562

    32

    0.9522

    33

    0.9482

    34

    0.9482

    35

    0.9482

    36

    0.9482

    37

    0.9482

    38

    0.9442

    39

    0.9402

    40

    0.9402

    41

    0.9402

    42

    0.9363

    43

    0.9363

    44

    0.9323

    45

    0.9283

    46

    0.9243

    47

    0.9243

    48

    0.9203

    49

    0.9203

    50

    0.9203

    51

    0.9203

    52

    0.9163

    53

    0.9163

    54

    0.9163

    55

    0.9124

    56

    0.9084

    57

    0.9084

    58

    0.9044

    59

    0.9004

    60

    0.8964

    61

    0.8924

    62

    0.8924

    63

    0.8884

    64

    0.8884

    65

    0.8845

    66

    0.8845

    67

    0.8845

    68

    0.8845

    69

    0.8845

    70

    0.8845

    71

    0.8845

    72

    0.8845

    73

    0.8845

    74

    0.8805

    75

    0.8805

    76

    0.8805

    77

    0.8805

    78

    0.8805

    79

    0.8805

    80

    0.8765

    81

    0.8725

    82

    0.8725

    83

    0.8725

    84

    0.8725

    85

    0.8685

    86

    0.8685

    87

    0.8685

    88

    0.8645

    89

    0.8606

    90

    0.8606

    91

    0.8606

    92

    0.8606

    93

    0.8606

    94

    0.8606

    95

    0.8566

    96

    0.8526

    97

    0.8526

    98

    0.8526

    99

    0.8486

   100

    0.8486

   101

    0.8486

   102

    0.8446

   103

    0.8446

   104

    0.8446

   105

    0.8446

   106

    0.8406

   107

    0.8406

   108

    0.8406

   109

    0.8367

   110

    0.8327

   111

    0.8287

   112

    0.8247

   113

    0.8247

   114

    0.8247

   115

    0.8247

   116

    0.8247

   117

    0.8207

   118

    0.8167

   119

    0.8127

   120

    0.8127

   121

    0.8127

   122

    0.8127

   123

    0.8127

   124

    0.8088

   125

    0.8088

   126

    0.8088

   127

    0.8088

   128

    0.8088

   129

    0.8048

   130

    0.8008

   131

    0.8008

   132

    0.7968

   133

    0.7968

   134

    0.7928

   135

    0.7888

   136

    0.7849

   137

    0.7849

   138

    0.7849

   139

    0.7849

   140

    0.7809

   141

    0.7809

   142

    0.7809

   143

    0.7809

   144

    0.7809

   145

    0.7769

   146

    0.7769

   147

    0.7729

   148

    0.7689

   149

    0.7649

   150

    0.7610

   151

    0.7570

   152

    0.7530

   153

    0.7530

   154

    0.7490

   155

    0.7450

   156

    0.7450

   157

    0.7450

   158

    0.7450

   159

    0.7450

   160

    0.7450

   161

    0.7410

   162

    0.7410

   163

    0.7371

   164

    0.7371

   165

    0.7371

   166

    0.7371

   167

    0.7371

   168

    0.7371

   169

    0.7371

   170

    0.7371

   171

    0.7371

   172

    0.7371

   173

    0.7331

   174

    0.7291

   175

    0.7291

   176

    0.7251

   177

    0.7251

   178

    0.7251

   179

    0.7211

   180

    0.7171

   181

    0.7171

   182

    0.7131

   183

    0.7092

   184

    0.7092

   185

    0.7052

   186

    0.7012

   187

    0.6972

   188

    0.6972

   189

    0.6972

   190

    0.6932

   191

    0.6892

   192

    0.6853

   193

    0.6853

   194

    0.6813

   195

    0.6813

   196

    0.6813

   197

    0.6813

   198

    0.6813

   199

    0.6773

   200

    0.6773

   201

    0.6733

   202

    0.6733

   203

    0.6693

   204

    0.6693

   205

    0.6653

   206

    0.6653

   207

    0.6614

   208

    0.6614

   209

    0.6574

   210

    0.6534

   211

    0.6494

   212

    0.6494

   213

    0.6494

   214

    0.6494

   215

    0.6494

   216

    0.6494

   217

    0.6494

   218

    0.6494

   219

    0.6454

   220

    0.6454

   221

    0.6454

   222

    0.6454

   223

    0.6454

   224

    0.6414

   225

    0.6414

   226

    0.6414

   227

    0.6414

   228

    0.6375

   229

    0.6375

   230

    0.6375

   231

    0.6375

   232

    0.6375

   233

    0.6375

   234

    0.6375

   235

    0.6375

   236

    0.6375

   237

    0.6375

   238

    0.6375

   239

    0.6335

   240

    0.6335

   241

    0.6335

   242

    0.6335

   243

    0.6295

   244

    0.6295

   245

    0.6295

   246

    0.6295

   247

    0.6295

   248

    0.6295

   249

    0.6295

   250

    0.6295

   251

    0.6295

     1

    0.9960

     2

    0.9960

     3

    0.9960

     4

    0.9960

     5

    0.9960

     6

    0.9960

     7

    0.9920

     8

    0.9920

     9

    0.9920

    10

    0.9920

    11

    0.9920

    12

    0.9920

    13

    0.9880

    14

    0.9880

    15

    0.9880

    16

    0.9880

    17

    0.9880

    18

    0.9880

    19

    0.9880

    20

    0.9880

    21

    0.9841

    22

    0.9841

    23

    0.9801

    24

    0.9761

    25

    0.9721

    26

    0.9681

    27

    0.9681

    28

    0.9681

    29

    0.9681

    30

    0.9641

    31

    0.9641

    32

    0.9602

    33

    0.9562

    34

    0.9562

    35

    0.9562

    36

    0.9522

    37

    0.9522

    38

    0.9482

    39

    0.9442

    40

    0.9442

    41

    0.9442

    42

    0.9402

    43

    0.9363

    44

    0.9323

    45

    0.9283

    46

    0.9243

    47

    0.9203

    48

    0.9163

    49

    0.9163

    50

    0.9163

    51

    0.9163

    52

    0.9124

    53

    0.9084

    54

    0.9084

    55

    0.9044

    56

    0.9004

    57

    0.9004

    58

    0.8964

    59

    0.8924

    60

    0.8884

    61

    0.8845

    62

    0.8805

    63

    0.8765

    64

    0.8765

    65

    0.8765

    66

    0.8765

    67

    0.8765

    68

    0.8765

    69

    0.8765

    70

    0.8725

    71

    0.8725

    72

    0.8685

    73

    0.8685

    74

    0.8645

    75

    0.8645

    76

    0.8645

    77

    0.8645

    78

    0.8645

    79

    0.8645

    80

    0.8606

    81

    0.8566

    82

    0.8526

    83

    0.8526

    84

    0.8526

    85

    0.8486

    86

    0.8486

    87

    0.8486

    88

    0.8446

    89

    0.8406

    90

    0.8367

    91

    0.8327

    92

    0.8327

    93

    0.8287

    94

    0.8287

    95

    0.8287

    96

    0.8287

    97

    0.8247

    98

    0.8247

    99

    0.8207

   100

    0.8207

   101

    0.8167

   102

    0.8127

   103

    0.8127

   104

    0.8127

   105

    0.8088

   106

    0.8048

   107

    0.8048

   108

    0.8048

   109

    0.8048

   110

    0.8048

   111

    0.8048

   112

    0.8008

   113

    0.7968

   114

    0.7968

   115

    0.7928

   116

    0.7928

   117

    0.7888

   118

    0.7888

   119

    0.7849

   120

    0.7849

   121

    0.7849

   122

    0.7849

   123

    0.7849

   124

    0.7809

   125

    0.7809

   126

    0.7809

   127

    0.7809

   128

    0.7809

   129

    0.7769

   130

    0.7729

   131

    0.7729

   132

    0.7729

   133

    0.7689

   134

    0.7689

   135

    0.7689

   136

    0.7649

   137

    0.7610

   138

    0.7610

   139

    0.7610

   140

    0.7610

   141

    0.7610

   142

    0.7610

   143

    0.7610

   144

    0.7610

   145

    0.7610

   146

    0.7570

   147

    0.7530

   148

    0.7530

   149

    0.7490

   150

    0.7490

   151

    0.7490

   152

    0.7490

   153

    0.7490

   154

    0.7450

   155

    0.7410

   156

    0.7371

   157

    0.7371

   158

    0.7371

   159

    0.7371

   160

    0.7371

   161

    0.7331

   162

    0.7331

   163

    0.7291

   164

    0.7291

   165

    0.7291

   166

    0.7291

   167

    0.7291

   168

    0.7291

   169

    0.7291

   170

    0.7291

   171

    0.7291

   172

    0.7291

   173

    0.7251

   174

    0.7251

   175

    0.7251

   176

    0.7211

   177

    0.7211

   178

    0.7211

   179

    0.7171

   180

    0.7131

   181

    0.7131

   182

    0.7131

   183

    0.7131

   184

    0.7131

   185

    0.7092

   186

    0.7052

   187

    0.7012

   188

    0.7012

   189

    0.7012

   190

    0.6972

   191

    0.6932

   192

    0.6932

   193

    0.6932

   194

    0.6932

   195

    0.6892

   196

    0.6853

   197

    0.6853

   198

    0.6813

   199

    0.6773

   200

    0.6733

   201

    0.6693

   202

    0.6693

   203

    0.6693

   204

    0.6653

   205

    0.6653

   206

    0.6653

   207

    0.6653

   208

    0.6653

   209

    0.6614

   210

    0.6574

   211

    0.6534

   212

    0.6534

   213

    0.6494

   214

    0.6494

   215

    0.6494

   216

    0.6494

   217

    0.6454

   218

    0.6414

   219

    0.6375

   220

    0.6375

   221

    0.6375

   222

    0.6375

   223

    0.6375

   224

    0.6375

   225

    0.6375

   226

    0.6335

   227

    0.6335

   228

    0.6295

   229

    0.6255

   230

    0.6255

   231

    0.6255

   232

    0.6255

   233

    0.6255

   234

    0.6255

   235

    0.6215

   236

    0.6215

   237

    0.6215

   238

    0.6215

   239

    0.6175

   240

    0.6175

   241

    0.6175

   242

    0.6175

   243

    0.6175

   244

    0.6175

   245

    0.6175

   246

    0.6175

   247

    0.6175

   248

    0.6175

   249

    0.6175

   250

    0.6135

   251

    0.6135

     1

    0.9960

     2

    0.9920

     3

    0.9920

     4

    0.9880

     5

    0.9880

     6

    0.9880

     7

    0.9841

     8

    0.9841

     9

    0.9841

    10

    0.9841

    11

    0.9841

    12

    0.9841

    13

    0.9801

    14

    0.9761

    15

    0.9721

    16

    0.9721

    17

    0.9681

    18

    0.9681

    19

    0.9681

    20

    0.9681

    21

    0.9641

    22

    0.9641

    23

    0.9602

    24

    0.9562

    25

    0.9562

    26

    0.9522

    27

    0.9522

    28

    0.9522

    29

    0.9522

    30

    0.9482

    31

    0.9482

    32

    0.9442

    33

    0.9442

    34

    0.9402

    35

    0.9402

    36

    0.9402

    37

    0.9402

    38

    0.9363

    39

    0.9323

    40

    0.9323

    41

    0.9283

    42

    0.9283

    43

    0.9243

    44

    0.9203

    45

    0.9163

    46

    0.9124

    47

    0.9084

    48

    0.9044

    49

    0.9004

    50

    0.9004

    51

    0.9004

    52

    0.8964

    53

    0.8924

    54

    0.8924

    55

    0.8924

    56

    0.8884

    57

    0.8884

    58

    0.8845

    59

    0.8805

    60

    0.8765

    61

    0.8725

    62

    0.8725

    63

    0.8685

    64

    0.8685

    65

    0.8645

    66

    0.8645

    67

    0.8645

    68

    0.8645

    69

    0.8645

    70

    0.8645

    71

    0.8645

    72

    0.8606

    73

    0.8606

    74

    0.8566

    75

    0.8526

    76

    0.8526

    77

    0.8526

    78

    0.8526

    79

    0.8526

    80

    0.8486

    81

    0.8446

    82

    0.8446

    83

    0.8446

    84

    0.8406

    85

    0.8367

    86

    0.8327

    87

    0.8327

    88

    0.8287

    89

    0.8247

    90

    0.8207

    91

    0.8167

    92

    0.8167

    93

    0.8167

    94

    0.8167

    95

    0.8127

    96

    0.8088

    97

    0.8088

    98

    0.8088

    99

    0.8048

   100

    0.8048

   101

    0.8008

   102

    0.7968

   103

    0.7968

   104

    0.7968

   105

    0.7928

   106

    0.7888

   107

    0.7888

   108

    0.7888

   109

    0.7888

   110

    0.7849

   111

    0.7849

   112

    0.7809

   113

    0.7769

   114

    0.7769

   115

    0.7729

   116

    0.7729

   117

    0.7689

   118

    0.7689

   119

    0.7649

   120

    0.7649

   121

    0.7649

   122

    0.7649

   123

    0.7649

   124

    0.7649

   125

    0.7649

   126

    0.7649

   127

    0.7649

   128

    0.7649

   129

    0.7610

   130

    0.7570

   131

    0.7570

   132

    0.7570

   133

    0.7530

   134

    0.7490

   135

    0.7450

   136

    0.7410

   137

    0.7410

   138

    0.7410

   139

    0.7410

   140

    0.7410

   141

    0.7410

   142

    0.7410

   143

    0.7410

   144

    0.7371

   145

    0.7331

   146

    0.7291

   147

    0.7251

   148

    0.7251

   149

    0.7211

   150

    0.7171

   151

    0.7171

   152

    0.7131

   153

    0.7131

   154

    0.7092

   155

    0.7092

   156

    0.7052

   157

    0.7052

   158

    0.7052

   159

    0.7012

   160

    0.6972

   161

    0.6932

   162

    0.6932

   163

    0.6892

   164

    0.6892

   165

    0.6892

   166

    0.6892

   167

    0.6892

   168

    0.6892

   169

    0.6892

   170

    0.6853

   171

    0.6853

   172

    0.6853

   173

    0.6813

   174

    0.6773

   175

    0.6773

   176

    0.6733

   177

    0.6733

   178

    0.6733

   179

    0.6693

   180

    0.6653

   181

    0.6653

   182

    0.6653

   183

    0.6614

   184

    0.6614

   185

    0.6574

   186

    0.6574

   187

    0.6534

   188

    0.6534

   189

    0.6534

   190

    0.6534

   191

    0.6494

   192

    0.6454

   193

    0.6454

   194

    0.6414

   195

    0.6375

   196

    0.6375

   197

    0.6375

   198

    0.6335

   199

    0.6295

   200

    0.6255

   201

    0.6215

   202

    0.6215

   203

    0.6175

   204

    0.6135

   205

    0.6096

   206

    0.6096

   207

    0.6096

   208

    0.6096

   209

    0.6056

   210

    0.6016

   211

    0.5976

   212

    0.5976

   213

    0.5976

   214

    0.5976

   215

    0.5976

   216

    0.5976

   217

    0.5936

   218

    0.5936

   219

    0.5896

   220

    0.5896

   221

    0.5896

   222

    0.5896

   223

    0.5896

   224

    0.5857

   225

    0.5857

   226

    0.5817

   227

    0.5817

   228

    0.5777

   229

    0.5737

   230

    0.5737

   231

    0.5737

   232

    0.5737

   233

    0.5737

   234

    0.5737

   235

    0.5697

   236

    0.5697

   237

    0.5657

   238

    0.5657

   239

    0.5618

   240

    0.5618

   241

    0.5618

   242

    0.5618

   243

    0.5618

   244

    0.5618

   245

    0.5618

   246

    0.5618

   247

    0.5618

   248

    0.5578

   249

    0.5578

   250

    0.5578

   251

    0.5578

     1

    0.9960

     2

    0.9920

     3

    0.9920

     4

    0.9920

     5

    0.9920

     6

    0.9920

     7

    0.9880

     8

    0.9880

     9

    0.9880

    10

    0.9880

    11

    0.9841

    12

    0.9841

    13

    0.9801

    14

    0.9801

    15

    0.9761

    16

    0.9761

    17

    0.9761

    18

    0.9761

    19

    0.9761

    20

    0.9761

    21

    0.9721

    22

    0.9721

    23

    0.9681

    24

    0.9681

    25

    0.9681

    26

    0.9641

    27

    0.9641

    28

    0.9641

    29

    0.9641

    30

    0.9602

    31

    0.9602

    32

    0.9562

    33

    0.9522

    34

    0.9522

    35

    0.9522

    36

    0.9522

    37

    0.9522

    38

    0.9482

    39

    0.9442

    40

    0.9442

    41

    0.9442

    42

    0.9442

    43

    0.9402

    44

    0.9363

    45

    0.9363

    46

    0.9323

    47

    0.9323

    48

    0.9283

    49

    0.9243

    50

    0.9243

    51

    0.9243

    52

    0.9203

    53

    0.9203

    54

    0.9203

    55

    0.9163

    56

    0.9124

    57

    0.9124

    58

    0.9084

    59

    0.9044

    60

    0.9004

    61

    0.8964

    62

    0.8924

    63

    0.8884

    64

    0.8884

    65

    0.8845

    66

    0.8845

    67

    0.8845

    68

    0.8845

    69

    0.8845

    70

    0.8805

    71

    0.8805

    72

    0.8765

    73

    0.8765

    74

    0.8725

    75

    0.8725

    76

    0.8725

    77

    0.8725

    78

    0.8725

    79

    0.8725

    80

    0.8685

    81

    0.8645

    82

    0.8645

    83

    0.8645

    84

    0.8645

    85

    0.8606

    86

    0.8606

    87

    0.8606

    88

    0.8566

    89

    0.8526

    90

    0.8526

    91

    0.8486

    92

    0.8486

    93

    0.8486

    94

    0.8486

    95

    0.8486

    96

    0.8446

    97

    0.8406

    98

    0.8406

    99

    0.8367

   100

    0.8367

   101

    0.8327

   102

    0.8287

   103

    0.8287

   104

    0.8287

   105

    0.8247

   106

    0.8207

   107

    0.8207

   108

    0.8207

   109

    0.8207

   110

    0.8167

   111

    0.8127

   112

    0.8088

   113

    0.8048

   114

    0.8048

   115

    0.8048

   116

    0.8048

   117

    0.8008

   118

    0.8008

   119

    0.7968

   120

    0.7968

   121

    0.7968

   122

    0.7968

   123

    0.7968

   124

    0.7928

   125

    0.7928

   126

    0.7928

   127

    0.7928

   128

    0.7928

   129

    0.7888

   130

    0.7849

   131

    0.7849

   132

    0.7849

   133

    0.7809

   134

    0.7769

   135

    0.7729

   136

    0.7689

   137

    0.7689

   138

    0.7689

   139

    0.7689

   140

    0.7689

   141

    0.7689

   142

    0.7689

   143

    0.7689

   144

    0.7689

   145

    0.7649

   146

    0.7610

   147

    0.7570

   148

    0.7570

   149

    0.7530

   150

    0.7490

   151

    0.7490

   152

    0.7490

   153

    0.7490

   154

    0.7450

   155

    0.7410

   156

    0.7371

   157

    0.7371

   158

    0.7371

   159

    0.7371

   160

    0.7371

   161

    0.7331

   162

    0.7331

   163

    0.7291

   164

    0.7291

   165

    0.7291

   166

    0.7291

   167

    0.7291

   168

    0.7291

   169

    0.7291

   170

    0.7291

   171

    0.7291

   172

    0.7291

   173

    0.7251

   174

    0.7211

   175

    0.7211

   176

    0.7171

   177

    0.7171

   178

    0.7171

   179

    0.7131

   180

    0.7092

   181

    0.7092

   182

    0.7092

   183

    0.7052

   184

    0.7052

   185

    0.7012

   186

    0.6972

   187

    0.6932

   188

    0.6932

   189

    0.6932

   190

    0.6892

   191

    0.6853

   192

    0.6813

   193

    0.6813

   194

    0.6773

   195

    0.6773

   196

    0.6773

   197

    0.6773

   198

    0.6733

   199

    0.6693

   200

    0.6653

   201

    0.6614

   202

    0.6614

   203

    0.6614

   204

    0.6574

   205

    0.6534

   206

    0.6534

   207

    0.6534

   208

    0.6494

   209

    0.6454

   210

    0.6414

   211

    0.6375

   212

    0.6375

   213

    0.6375

   214

    0.6375

   215

    0.6375

   216

    0.6375

   217

    0.6375

   218

    0.6375

   219

    0.6375

   220

    0.6375

   221

    0.6375

   222

    0.6375

   223

    0.6375

   224

    0.6375

   225

    0.6375

   226

    0.6375

   227

    0.6375

   228

    0.6335

   229

    0.6335

   230

    0.6335

   231

    0.6335

   232

    0.6335

   233

    0.6295

   234

    0.6295

   235

    0.6295

   236

    0.6295

   237

    0.6295

   238

    0.6295

   239

    0.6255

   240

    0.6255

   241

    0.6255

   242

    0.6255

   243

    0.6255

   244

    0.6255

   245

    0.6255

   246

    0.6255

   247

    0.6255

   248

    0.6255

   249

    0.6255

   250

    0.6255

   251

    0.6255

     1

    0.9960

     2

    0.9920

     3

    0.9920

     4

    0.9920

     5

    0.9920

     6

    0.9920

     7

    0.9880

     8

    0.9880

     9

    0.9880

    10

    0.9880

    11

    0.9880

    12

    0.9880

    13

    0.9841

    14

    0.9801

    15

    0.9761

    16

    0.9761

    17

    0.9761

    18

    0.9761

    19

    0.9761

    20

    0.9761

    21

    0.9721

    22

    0.9721

    23

    0.9681

    24

    0.9681

    25

    0.9681

    26

    0.9641

    27

    0.9641

    28

    0.9641

    29

    0.9641

    30

    0.9602

    31

    0.9602

    32

    0.9562

    33

    0.9562

    34

    0.9562

    35

    0.9562

    36

    0.9562

    37

    0.9562

    38

    0.9562

    39

    0.9522

    40

    0.9522

    41

    0.9482

    42

    0.9482

    43

    0.9442

    44

    0.9402

    45

    0.9363

    46

    0.9323

    47

    0.9323

    48

    0.9283

    49

    0.9243

    50

    0.9243

    51

    0.9243

    52

    0.9203

    53

    0.9203

    54

    0.9203

    55

    0.9203

    56

    0.9163

    57

    0.9163

    58

    0.9124

    59

    0.9084

    60

    0.9044

    61

    0.9004

    62

    0.9004

    63

    0.8964

    64

    0.8964

    65

    0.8924

    66

    0.8924

    67

    0.8924

    68

    0.8924

    69

    0.8924

    70

    0.8924

    71

    0.8924

    72

    0.8884

    73

    0.8884

    74

    0.8845

    75

    0.8845

    76

    0.8845

    77

    0.8845

    78

    0.8845

    79

    0.8845

    80

    0.8805

    81

    0.8765

    82

    0.8765

    83

    0.8765

    84

    0.8765

    85

    0.8725

    86

    0.8725

    87

    0.8725

    88

    0.8685

    89

    0.8645

    90

    0.8606

    91

    0.8566

    92

    0.8566

    93

    0.8566

    94

    0.8566

    95

    0.8526

    96

    0.8486

    97

    0.8486

    98

    0.8486

    99

    0.8446

   100

    0.8446

   101

    0.8406

   102

    0.8367

   103

    0.8367

   104

    0.8367

   105

    0.8327

   106

    0.8287

   107

    0.8287

   108

    0.8287

   109

    0.8287

   110

    0.8287

   111

    0.8247

   112

    0.8207

   113

    0.8167

   114

    0.8167

   115

    0.8127

   116

    0.8127

   117

    0.8088

   118

    0.8088

   119

    0.8048

   120

    0.8048

   121

    0.8048

   122

    0.8048

   123

    0.8048

   124

    0.8048

   125

    0.8048

   126

    0.8048

   127

    0.8048

   128

    0.8048

   129

    0.8008

   130

    0.7968

   131

    0.7968

   132

    0.7928

   133

    0.7888

   134

    0.7888

   135

    0.7849

   136

    0.7809

   137

    0.7809

   138

    0.7809

   139

    0.7809

   140

    0.7809

   141

    0.7809

   142

    0.7809

   143

    0.7809

   144

    0.7809

   145

    0.7769

   146

    0.7729

   147

    0.7689

   148

    0.7689

   149

    0.7649

   150

    0.7610

   151

    0.7610

   152

    0.7570

   153

    0.7570

   154

    0.7530

   155

    0.7490

   156

    0.7450

   157

    0.7450

   158

    0.7450

   159

    0.7450

   160

    0.7450

   161

    0.7410

   162

    0.7410

   163

    0.7371

   164

    0.7371

   165

    0.7371

   166

    0.7371

   167

    0.7371

   168

    0.7371

   169

    0.7371

   170

    0.7331

   171

    0.7331

   172

    0.7331

   173

    0.7291

   174

    0.7251

   175

    0.7251

   176

    0.7211

   177

    0.7211

   178

    0.7211

   179

    0.7171

   180

    0.7131

   181

    0.7131

   182

    0.7131

   183

    0.7092

   184

    0.7092

   185

    0.7052

   186

    0.7052

   187

    0.7012

   188

    0.7012

   189

    0.7012

   190

    0.6972

   191

    0.6932

   192

    0.6892

   193

    0.6892

   194

    0.6853

   195

    0.6813

   196

    0.6813

   197

    0.6813

   198

    0.6773

   199

    0.6733

   200

    0.6693

   201

    0.6653

   202

    0.6653

   203

    0.6614

   204

    0.6574

   205

    0.6534

   206

    0.6534

   207

    0.6534

   208

    0.6534

   209

    0.6494

   210

    0.6454

   211

    0.6414

   212

    0.6414

   213

    0.6414

   214

    0.6414

   215

    0.6414

   216

    0.6414

   217

    0.6375

   218

    0.6375

   219

    0.6335

   220

    0.6335

   221

    0.6335

   222

    0.6335

   223

    0.6335

   224

    0.6295

   225

    0.6295

   226

    0.6255

   227

    0.6255

   228

    0.6215

   229

    0.6215

   230

    0.6215

   231

    0.6215

   232

    0.6215

   233

    0.6215

   234

    0.6215

   235

    0.6175

   236

    0.6175

   237

    0.6175

   238

    0.6175

   239

    0.6135

   240

    0.6135

   241

    0.6135

   242

    0.6135

   243

    0.6135

   244

    0.6135

   245

    0.6135

   246

    0.6135

   247

    0.6135

   248

    0.6135

   249

    0.6135

   250

    0.6135

   251

    0.6135

