
                            < M A T L A B (R) >
                  Copyright 1984-2019 The MathWorks, Inc.
              R2019b Update 2 (9.7.0.1247435) 64-bit (glnxa64)
                              November 7, 2019

 
To get started, type doc.
For product information, visit www.mathworks.com.
 
Starting parallel pool (parpool) using the 'local' profile ...
Connected to the parallel pool (number of workers: 32).
     1

     1

     2

     1

     3

     1

     4

    0.9960

     5

    0.9960

     6

    0.9960

     7

    0.9960

     8

    0.9960

     9

    0.9960

    10

    0.9960

    11

    0.9960

    12

    0.9960

    13

    0.9960

    14

    0.9960

    15

    0.9960

    16

    0.9960

    17

    0.9920

    18

    0.9920

    19

    0.9920

    20

    0.9920

    21

    0.9880

    22

    0.9880

    23

    0.9880

    24

    0.9841

    25

    0.9841

    26

    0.9801

    27

    0.9801

    28

    0.9761

    29

    0.9761

    30

    0.9721

    31

    0.9721

    32

    0.9681

    33

    0.9641

    34

    0.9641

    35

    0.9641

    36

    0.9641

    37

    0.9641

    38

    0.9641

    39

    0.9602

    40

    0.9602

    41

    0.9602

    42

    0.9602

    43

    0.9562

    44

    0.9562

    45

    0.9522

    46

    0.9482

    47

    0.9482

    48

    0.9442

    49

    0.9402

    50

    0.9402

    51

    0.9402

    52

    0.9363

    53

    0.9323

    54

    0.9323

    55

    0.9323

    56

    0.9323

    57

    0.9323

    58

    0.9283

    59

    0.9283

    60

    0.9243

    61

    0.9203

    62

    0.9203

    63

    0.9203

    64

    0.9203

    65

    0.9163

    66

    0.9163

    67

    0.9163

    68

    0.9163

    69

    0.9163

    70

    0.9163

    71

    0.9163

    72

    0.9124

    73

    0.9124

    74

    0.9124

    75

    0.9084

    76

    0.9084

    77

    0.9044

    78

    0.9044

    79

    0.9044

    80

    0.9044

    81

    0.9004

    82

    0.8964

    83

    0.8964

    84

    0.8924

    85

    0.8924

    86

    0.8924

    87

    0.8924

    88

    0.8884

    89

    0.8845

    90

    0.8845

    91

    0.8805

    92

    0.8805

    93

    0.8765

    94

    0.8765

    95

    0.8765

    96

    0.8765

    97

    0.8765

    98

    0.8765

    99

    0.8765

   100

    0.8765

   101

    0.8765

   102

    0.8765

   103

    0.8765

   104

    0.8725

   105

    0.8685

   106

    0.8685

   107

    0.8685

   108

    0.8685

   109

    0.8685

   110

    0.8685

   111

    0.8685

   112

    0.8645

   113

    0.8606

   114

    0.8606

   115

    0.8566

   116

    0.8566

   117

    0.8526

   118

    0.8526

   119

    0.8526

   120

    0.8526

   121

    0.8526

   122

    0.8526

   123

    0.8526

   124

    0.8526

   125

    0.8526

   126

    0.8526

   127

    0.8526

   128

    0.8526

   129

    0.8486

   130

    0.8486

   131

    0.8486

   132

    0.8446

   133

    0.8406

   134

    0.8367

   135

    0.8327

   136

    0.8327

   137

    0.8327

   138

    0.8327

   139

    0.8327

   140

    0.8327

   141

    0.8327

   142

    0.8327

   143

    0.8327

   144

    0.8327

   145

    0.8287

   146

    0.8287

   147

    0.8247

   148

    0.8247

   149

    0.8207

   150

    0.8207

   151

    0.8207

   152

    0.8207

   153

    0.8207

   154

    0.8167

   155

    0.8167

   156

    0.8127

   157

    0.8127

   158

    0.8127

   159

    0.8088

   160

    0.8048

   161

    0.8008

   162

    0.8008

   163

    0.7968

   164

    0.7968

   165

    0.7968

   166

    0.7968

   167

    0.7968

   168

    0.7968

   169

    0.7968

   170

    0.7928

   171

    0.7928

   172

    0.7928

   173

    0.7888

   174

    0.7888

   175

    0.7888

   176

    0.7849

   177

    0.7849

   178

    0.7849

   179

    0.7809

   180

    0.7769

   181

    0.7769

   182

    0.7769

   183

    0.7729

   184

    0.7729

   185

    0.7689

   186

    0.7689

   187

    0.7649

   188

    0.7649

   189

    0.7649

   190

    0.7649

   191

    0.7649

   192

    0.7649

   193

    0.7649

   194

    0.7610

   195

    0.7610

   196

    0.7610

   197

    0.7610

   198

    0.7570

   199

    0.7570

   200

    0.7530

   201

    0.7490

   202

    0.7490

   203

    0.7450

   204

    0.7410

   205

    0.7371

   206

    0.7371

   207

    0.7371

   208

    0.7371

   209

    0.7371

   210

    0.7331

   211

    0.7291

   212

    0.7291

   213

    0.7291

   214

    0.7291

   215

    0.7291

   216

    0.7291

   217

    0.7251

   218

    0.7251

   219

    0.7251

   220

    0.7251

   221

    0.7251

   222

    0.7251

   223

    0.7251

   224

    0.7251

   225

    0.7251

   226

    0.7211

   227

    0.7211

   228

    0.7171

   229

    0.7171

   230

    0.7171

   231

    0.7171

   232

    0.7171

   233

    0.7171

   234

    0.7171

   235

    0.7131

   236

    0.7092

   237

    0.7092

   238

    0.7092

   239

    0.7052

   240

    0.7052

   241

    0.7052

   242

    0.7052

   243

    0.7052

   244

    0.7052

   245

    0.7052

   246

    0.7012

   247

    0.7012

   248

    0.6972

   249

    0.6972

   250

    0.6972

   251

    0.6972

     1

    0.9960

     2

    0.9960

     3

    0.9960

     4

    0.9920

     5

    0.9920

     6

    0.9920

     7

    0.9920

     8

    0.9880

     9

    0.9880

    10

    0.9880

    11

    0.9880

    12

    0.9880

    13

    0.9841

    14

    0.9841

    15

    0.9841

    16

    0.9841

    17

    0.9801

    18

    0.9801

    19

    0.9801

    20

    0.9801

    21

    0.9801

    22

    0.9761

    23

    0.9761

    24

    0.9721

    25

    0.9681

    26

    0.9641

    27

    0.9641

    28

    0.9602

    29

    0.9602

    30

    0.9562

    31

    0.9562

    32

    0.9522

    33

    0.9522

    34

    0.9522

    35

    0.9522

    36

    0.9522

    37

    0.9522

    38

    0.9522

    39

    0.9482

    40

    0.9482

    41

    0.9442

    42

    0.9442

    43

    0.9402

    44

    0.9363

    45

    0.9323

    46

    0.9283

    47

    0.9283

    48

    0.9243

    49

    0.9203

    50

    0.9203

    51

    0.9203

    52

    0.9163

    53

    0.9124

    54

    0.9124

    55

    0.9124

    56

    0.9084

    57

    0.9084

    58

    0.9044

    59

    0.9044

    60

    0.9044

    61

    0.9004

    62

    0.9004

    63

    0.9004

    64

    0.9004

    65

    0.9004

    66

    0.9004

    67

    0.9004

    68

    0.9004

    69

    0.9004

    70

    0.9004

    71

    0.9004

    72

    0.8964

    73

    0.8964

    74

    0.8964

    75

    0.8964

    76

    0.8964

    77

    0.8924

    78

    0.8924

    79

    0.8924

    80

    0.8884

    81

    0.8845

    82

    0.8805

    83

    0.8765

    84

    0.8725

    85

    0.8725

    86

    0.8725

    87

    0.8725

    88

    0.8685

    89

    0.8645

    90

    0.8645

    91

    0.8606

    92

    0.8606

    93

    0.8566

    94

    0.8566

    95

    0.8566

    96

    0.8566

    97

    0.8566

    98

    0.8566

    99

    0.8566

   100

    0.8566

   101

    0.8526

   102

    0.8486

   103

    0.8486

   104

    0.8446

   105

    0.8406

   106

    0.8406

   107

    0.8406

   108

    0.8406

   109

    0.8367

   110

    0.8367

   111

    0.8367

   112

    0.8367

   113

    0.8327

   114

    0.8327

   115

    0.8287

   116

    0.8287

   117

    0.8287

   118

    0.8287

   119

    0.8247

   120

    0.8247

   121

    0.8247

   122

    0.8247

   123

    0.8247

   124

    0.8247

   125

    0.8207

   126

    0.8207

   127

    0.8207

   128

    0.8207

   129

    0.8167

   130

    0.8167

   131

    0.8127

   132

    0.8127

   133

    0.8088

   134

    0.8048

   135

    0.8008

   136

    0.8008

   137

    0.7968

   138

    0.7968

   139

    0.7968

   140

    0.7968

   141

    0.7968

   142

    0.7968

   143

    0.7928

   144

    0.7888

   145

    0.7849

   146

    0.7849

   147

    0.7809

   148

    0.7809

   149

    0.7769

   150

    0.7769

   151

    0.7769

   152

    0.7729

   153

    0.7729

   154

    0.7689

   155

    0.7689

   156

    0.7649

   157

    0.7649

   158

    0.7610

   159

    0.7570

   160

    0.7530

   161

    0.7490

   162

    0.7490

   163

    0.7450

   164

    0.7450

   165

    0.7450

   166

    0.7450

   167

    0.7450

   168

    0.7450

   169

    0.7450

   170

    0.7450

   171

    0.7450

   172

    0.7450

   173

    0.7450

   174

    0.7410

   175

    0.7410

   176

    0.7410

   177

    0.7410

   178

    0.7410

   179

    0.7371

   180

    0.7331

   181

    0.7331

   182

    0.7291

   183

    0.7251

   184

    0.7211

   185

    0.7171

   186

    0.7171

   187

    0.7131

   188

    0.7131

   189

    0.7131

   190

    0.7131

   191

    0.7131

   192

    0.7131

   193

    0.7131

   194

    0.7092

   195

    0.7052

   196

    0.7052

   197

    0.7052

   198

    0.7012

   199

    0.7012

   200

    0.6972

   201

    0.6932

   202

    0.6932

   203

    0.6892

   204

    0.6853

   205

    0.6813

   206

    0.6813

   207

    0.6813

   208

    0.6813

   209

    0.6813

   210

    0.6773

   211

    0.6733

   212

    0.6733

   213

    0.6733

   214

    0.6693

   215

    0.6693

   216

    0.6653

   217

    0.6614

   218

    0.6614

   219

    0.6614

   220

    0.6574

   221

    0.6534

   222

    0.6534

   223

    0.6534

   224

    0.6534

   225

    0.6534

   226

    0.6494

   227

    0.6494

   228

    0.6494

   229

    0.6494

   230

    0.6494

   231

    0.6494

   232

    0.6494

   233

    0.6494

   234

    0.6494

   235

    0.6454

   236

    0.6414

   237

    0.6414

   238

    0.6414

   239

    0.6375

   240

    0.6335

   241

    0.6335

   242

    0.6335

   243

    0.6295

   244

    0.6295

   245

    0.6295

   246

    0.6255

   247

    0.6255

   248

    0.6215

   249

    0.6215

   250

    0.6215

   251

    0.6215

     1

     1

     2

     1

     3

     1

     4

     1

     5

     1

     6

     1

     7

     1

     8

     1

     9

     1

    10

     1

    11

     1

    12

     1

    13

    0.9960

    14

    0.9960

    15

    0.9920

    16

    0.9920

    17

    0.9880

    18

    0.9880

    19

    0.9880

    20

    0.9880

    21

    0.9841

    22

    0.9841

    23

    0.9841

    24

    0.9801

    25

    0.9801

    26

    0.9761

    27

    0.9761

    28

    0.9721

    29

    0.9721

    30

    0.9721

    31

    0.9721

    32

    0.9681

    33

    0.9681

    34

    0.9681

    35

    0.9681

    36

    0.9681

    37

    0.9681

    38

    0.9681

    39

    0.9641

    40

    0.9641

    41

    0.9602

    42

    0.9602

    43

    0.9562

    44

    0.9562

    45

    0.9522

    46

    0.9482

    47

    0.9482

    48

    0.9442

    49

    0.9402

    50

    0.9402

    51

    0.9402

    52

    0.9363

    53

    0.9323

    54

    0.9323

    55

    0.9323

    56

    0.9323

    57

    0.9323

    58

    0.9283

    59

    0.9283

    60

    0.9243

    61

    0.9203

    62

    0.9203

    63

    0.9203

    64

    0.9203

    65

    0.9163

    66

    0.9163

    67

    0.9163

    68

    0.9163

    69

    0.9163

    70

    0.9163

    71

    0.9163

    72

    0.9124

    73

    0.9124

    74

    0.9124

    75

    0.9084

    76

    0.9084

    77

    0.9084

    78

    0.9084

    79

    0.9084

    80

    0.9084

    81

    0.9044

    82

    0.9044

    83

    0.9044

    84

    0.9004

    85

    0.9004

    86

    0.9004

    87

    0.9004

    88

    0.8964

    89

    0.8924

    90

    0.8924

    91

    0.8884

    92

    0.8884

    93

    0.8845

    94

    0.8845

    95

    0.8845

    96

    0.8845

    97

    0.8845

    98

    0.8845

    99

    0.8845

   100

    0.8845

   101

    0.8845

   102

    0.8805

   103

    0.8805

   104

    0.8765

   105

    0.8725

   106

    0.8725

   107

    0.8725

   108

    0.8725

   109

    0.8685

   110

    0.8685

   111

    0.8685

   112

    0.8645

   113

    0.8606

   114

    0.8606

   115

    0.8566

   116

    0.8566

   117

    0.8526

   118

    0.8526

   119

    0.8526

   120

    0.8526

   121

    0.8526

   122

    0.8526

   123

    0.8526

   124

    0.8526

   125

    0.8526

   126

    0.8526

   127

    0.8526

   128

    0.8526

   129

    0.8486

   130

    0.8486

   131

    0.8486

   132

    0.8486

   133

    0.8446

   134

    0.8406

   135

    0.8367

   136

    0.8367

   137

    0.8367

   138

    0.8367

   139

    0.8367

   140

    0.8367

   141

    0.8367

   142

    0.8367

   143

    0.8367

   144

    0.8367

   145

    0.8327

   146

    0.8327

   147

    0.8287

   148

    0.8287

   149

    0.8247

   150

    0.8247

   151

    0.8247

   152

    0.8247

   153

    0.8247

   154

    0.8207

   155

    0.8207

   156

    0.8167

   157

    0.8167

   158

    0.8167

   159

    0.8127

   160

    0.8088

   161

    0.8048

   162

    0.8048

   163

    0.8008

   164

    0.8008

   165

    0.8008

   166

    0.8008

   167

    0.8008

   168

    0.8008

   169

    0.8008

   170

    0.8008

   171

    0.8008

   172

    0.8008

   173

    0.7968

   174

    0.7968

   175

    0.7968

   176

    0.7968

   177

    0.7968

   178

    0.7968

   179

    0.7928

   180

    0.7888

   181

    0.7888

   182

    0.7888

   183

    0.7849

   184

    0.7849

   185

    0.7809

   186

    0.7809

   187

    0.7769

   188

    0.7769

   189

    0.7769

   190

    0.7769

   191

    0.7769

   192

    0.7769

   193

    0.7769

   194

    0.7729

   195

    0.7729

   196

    0.7729

   197

    0.7729

   198

    0.7729

   199

    0.7729

   200

    0.7689

   201

    0.7649

   202

    0.7649

   203

    0.7610

   204

    0.7610

   205

    0.7570

   206

    0.7570

   207

    0.7570

   208

    0.7570

   209

    0.7570

   210

    0.7530

   211

    0.7490

   212

    0.7490

   213

    0.7490

   214

    0.7450

   215

    0.7450

   216

    0.7450

   217

    0.7410

   218

    0.7410

   219

    0.7410

   220

    0.7410

   221

    0.7410

   222

    0.7410

   223

    0.7410

   224

    0.7410

   225

    0.7410

   226

    0.7371

   227

    0.7371

   228

    0.7331

   229

    0.7331

   230

    0.7331

   231

    0.7331

   232

    0.7331

   233

    0.7331

   234

    0.7331

   235

    0.7291

   236

    0.7291

   237

    0.7291

   238

    0.7291

   239

    0.7251

   240

    0.7251

   241

    0.7251

   242

    0.7251

   243

    0.7251

   244

    0.7251

   245

    0.7251

   246

    0.7251

   247

    0.7251

   248

    0.7251

   249

    0.7251

   250

    0.7251

   251

    0.7251

     1

     1

     2

    0.9960

     3

    0.9960

     4

    0.9920

     5

    0.9920

     6

    0.9920

     7

    0.9880

     8

    0.9880

     9

    0.9880

    10

    0.9880

    11

    0.9880

    12

    0.9880

    13

    0.9841

    14

    0.9841

    15

    0.9801

    16

    0.9801

    17

    0.9761

    18

    0.9761

    19

    0.9761

    20

    0.9761

    21

    0.9761

    22

    0.9761

    23

    0.9761

    24

    0.9721

    25

    0.9721

    26

    0.9681

    27

    0.9681

    28

    0.9681

    29

    0.9681

    30

    0.9681

    31

    0.9681

    32

    0.9641

    33

    0.9641

    34

    0.9602

    35

    0.9602

    36

    0.9602

    37

    0.9602

    38

    0.9602

    39

    0.9562

    40

    0.9562

    41

    0.9522

    42

    0.9522

    43

    0.9482

    44

    0.9442

    45

    0.9402

    46

    0.9363

    47

    0.9363

    48

    0.9323

    49

    0.9283

    50

    0.9283

    51

    0.9283

    52

    0.9243

    53

    0.9203

    54

    0.9203

    55

    0.9203

    56

    0.9163

    57

    0.9163

    58

    0.9124

    59

    0.9124

    60

    0.9084

    61

    0.9044

    62

    0.9044

    63

    0.9004

    64

    0.9004

    65

    0.8964

    66

    0.8964

    67

    0.8964

    68

    0.8964

    69

    0.8964

    70

    0.8964

    71

    0.8964

    72

    0.8924

    73

    0.8924

    74

    0.8924

    75

    0.8884

    76

    0.8884

    77

    0.8884

    78

    0.8884

    79

    0.8884

    80

    0.8845

    81

    0.8805

    82

    0.8805

    83

    0.8805

    84

    0.8765

    85

    0.8765

    86

    0.8765

    87

    0.8765

    88

    0.8725

    89

    0.8685

    90

    0.8685

    91

    0.8645

    92

    0.8645

    93

    0.8606

    94

    0.8606

    95

    0.8606

    96

    0.8606

    97

    0.8606

    98

    0.8606

    99

    0.8606

   100

    0.8606

   101

    0.8606

   102

    0.8566

   103

    0.8566

   104

    0.8566

   105

    0.8526

   106

    0.8526

   107

    0.8526

   108

    0.8526

   109

    0.8526

   110

    0.8526

   111

    0.8526

   112

    0.8486

   113

    0.8446

   114

    0.8446

   115

    0.8406

   116

    0.8406

   117

    0.8367

   118

    0.8367

   119

    0.8367

   120

    0.8367

   121

    0.8367

   122

    0.8367

   123

    0.8367

   124

    0.8367

   125

    0.8367

   126

    0.8367

   127

    0.8367

   128

    0.8367

   129

    0.8327

   130

    0.8327

   131

    0.8327

   132

    0.8287

   133

    0.8247

   134

    0.8207

   135

    0.8167

   136

    0.8167

   137

    0.8167

   138

    0.8167

   139

    0.8167

   140

    0.8167

   141

    0.8167

   142

    0.8167

   143

    0.8167

   144

    0.8127

   145

    0.8088

   146

    0.8048

   147

    0.8008

   148

    0.8008

   149

    0.7968

   150

    0.7968

   151

    0.7968

   152

    0.7968

   153

    0.7968

   154

    0.7928

   155

    0.7928

   156

    0.7888

   157

    0.7888

   158

    0.7888

   159

    0.7849

   160

    0.7809

   161

    0.7769

   162

    0.7769

   163

    0.7729

   164

    0.7729

   165

    0.7729

   166

    0.7729

   167

    0.7729

   168

    0.7729

   169

    0.7729

   170

    0.7729

   171

    0.7729

   172

    0.7729

   173

    0.7689

   174

    0.7649

   175

    0.7649

   176

    0.7610

   177

    0.7610

   178

    0.7610

   179

    0.7570

   180

    0.7530

   181

    0.7530

   182

    0.7530

   183

    0.7490

   184

    0.7490

   185

    0.7450

   186

    0.7450

   187

    0.7410

   188

    0.7410

   189

    0.7410

   190

    0.7410

   191

    0.7410

   192

    0.7410

   193

    0.7410

   194

    0.7371

   195

    0.7371

   196

    0.7371

   197

    0.7371

   198

    0.7331

   199

    0.7331

   200

    0.7291

   201

    0.7251

   202

    0.7251

   203

    0.7211

   204

    0.7211

   205

    0.7171

   206

    0.7171

   207

    0.7171

   208

    0.7171

   209

    0.7171

   210

    0.7131

   211

    0.7092

   212

    0.7092

   213

    0.7092

   214

    0.7092

   215

    0.7092

   216

    0.7092

   217

    0.7052

   218

    0.7052

   219

    0.7052

   220

    0.7052

   221

    0.7052

   222

    0.7052

   223

    0.7052

   224

    0.7052

   225

    0.7052

   226

    0.7012

   227

    0.7012

   228

    0.6972

   229

    0.6932

   230

    0.6932

   231

    0.6932

   232

    0.6932

   233

    0.6932

   234

    0.6932

   235

    0.6892

   236

    0.6892

   237

    0.6892

   238

    0.6892

   239

    0.6853

   240

    0.6853

   241

    0.6853

   242

    0.6853

   243

    0.6853

   244

    0.6853

   245

    0.6853

   246

    0.6813

   247

    0.6813

   248

    0.6773

   249

    0.6773

   250

    0.6773

   251

    0.6773

     1

     1

     2

     1

     3

     1

     4

    0.9960

     5

    0.9960

     6

    0.9960

     7

    0.9920

     8

    0.9920

     9

    0.9920

    10

    0.9920

    11

    0.9920

    12

    0.9920

    13

    0.9880

    14

    0.9880

    15

    0.9841

    16

    0.9841

    17

    0.9801

    18

    0.9801

    19

    0.9801

    20

    0.9801

    21

    0.9801

    22

    0.9801

    23

    0.9801

    24

    0.9761

    25

    0.9761

    26

    0.9721

    27

    0.9721

    28

    0.9681

    29

    0.9681

    30

    0.9641

    31

    0.9641

    32

    0.9602

    33

    0.9602

    34

    0.9562

    35

    0.9562

    36

    0.9562

    37

    0.9562

    38

    0.9562

    39

    0.9522

    40

    0.9522

    41

    0.9482

    42

    0.9482

    43

    0.9442

    44

    0.9442

    45

    0.9402

    46

    0.9363

    47

    0.9363

    48

    0.9323

    49

    0.9283

    50

    0.9283

    51

    0.9283

    52

    0.9243

    53

    0.9203

    54

    0.9203

    55

    0.9203

    56

    0.9163

    57

    0.9163

    58

    0.9124

    59

    0.9124

    60

    0.9084

    61

    0.9044

    62

    0.9044

    63

    0.9004

    64

    0.9004

    65

    0.8964

    66

    0.8964

    67

    0.8964

    68

    0.8964

    69

    0.8964

    70

    0.8964

    71

    0.8964

    72

    0.8924

    73

    0.8924

    74

    0.8924

    75

    0.8884

    76

    0.8884

    77

    0.8884

    78

    0.8884

    79

    0.8884

    80

    0.8845

    81

    0.8805

    82

    0.8805

    83

    0.8805

    84

    0.8765

    85

    0.8765

    86

    0.8765

    87

    0.8765

    88

    0.8725

    89

    0.8685

    90

    0.8685

    91

    0.8645

    92

    0.8645

    93

    0.8606

    94

    0.8606

    95

    0.8606

    96

    0.8606

    97

    0.8606

    98

    0.8606

    99

    0.8606

   100

    0.8606

   101

    0.8566

   102

    0.8526

   103

    0.8526

   104

    0.8486

   105

    0.8446

   106

    0.8446

   107

    0.8446

   108

    0.8446

   109

    0.8406

   110

    0.8406

   111

    0.8406

   112

    0.8367

   113

    0.8327

   114

    0.8327

   115

    0.8287

   116

    0.8287

   117

    0.8247

   118

    0.8247

   119

    0.8247

   120

    0.8247

   121

    0.8247

   122

    0.8247

   123

    0.8247

   124

    0.8247

   125

    0.8247

   126

    0.8247

   127

    0.8247

   128

    0.8247

   129

    0.8207

   130

    0.8167

   131

    0.8127

   132

    0.8127

   133

    0.8088

   134

    0.8048

   135

    0.8008

   136

    0.8008

   137

    0.8008

   138

    0.8008

   139

    0.8008

   140

    0.8008

   141

    0.8008

   142

    0.8008

   143

    0.8008

   144

    0.8008

   145

    0.7968

   146

    0.7928

   147

    0.7888

   148

    0.7888

   149

    0.7849

   150

    0.7849

   151

    0.7849

   152

    0.7849

   153

    0.7849

   154

    0.7809

   155

    0.7809

   156

    0.7769

   157

    0.7769

   158

    0.7769

   159

    0.7729

   160

    0.7689

   161

    0.7649

   162

    0.7649

   163

    0.7610

   164

    0.7610

   165

    0.7610

   166

    0.7610

   167

    0.7610

   168

    0.7610

   169

    0.7610

   170

    0.7610

   171

    0.7610

   172

    0.7610

   173

    0.7610

   174

    0.7570

   175

    0.7570

   176

    0.7570

   177

    0.7570

   178

    0.7570

   179

    0.7530

   180

    0.7490

   181

    0.7490

   182

    0.7450

   183

    0.7410

   184

    0.7410

   185

    0.7371

   186

    0.7371

   187

    0.7331

   188

    0.7331

   189

    0.7331

   190

    0.7331

   191

    0.7331

   192

    0.7331

   193

    0.7331

   194

    0.7291

   195

    0.7251

   196

    0.7251

   197

    0.7251

   198

    0.7211

   199

    0.7211

   200

    0.7171

   201

    0.7131

   202

    0.7131

   203

    0.7092

   204

    0.7052

   205

    0.7012

   206

    0.7012

   207

    0.7012

   208

    0.7012

   209

    0.7012

   210

    0.6972

   211

    0.6932

   212

    0.6932

   213

    0.6932

   214

    0.6932

   215

    0.6932

   216

    0.6932

   217

    0.6892

   218

    0.6892

   219

    0.6853

   220

    0.6853

   221

    0.6853

   222

    0.6853

   223

    0.6853

   224

    0.6813

   225

    0.6813

   226

    0.6773

   227

    0.6773

   228

    0.6733

   229

    0.6693

   230

    0.6693

   231

    0.6693

   232

    0.6693

   233

    0.6693

   234

    0.6693

   235

    0.6653

   236

    0.6614

   237

    0.6614

   238

    0.6614

   239

    0.6574

   240

    0.6534

   241

    0.6534

   242

    0.6534

   243

    0.6534

   244

    0.6534

   245

    0.6534

   246

    0.6534

   247

    0.6534

   248

    0.6494

   249

    0.6494

   250

    0.6494

   251

    0.6494

