-9.791168570518493652e-01
-9.615356922149658203e-01
9.300881624221801758e-02
-8.152963519096374512e-01
-8.579543977975845337e-02
-8.715669512748718262e-01
-1.103578448295593262e+00
2.309906035661697388e-01
-1.296738982200622559e-01
-1.162246316671371460e-01
-7.378816008567810059e-01
-1.360091686248779297e+00
-7.288708686828613281e-01
-2.321760654449462891e-01
-6.834043562412261963e-02
-7.030652761459350586e-01
6.422286629676818848e-01
-3.164283335208892822e-01
-1.324549019336700439e-01
3.544816374778747559e-01
-1.917257457971572876e-01
-1.172344565391540527e+00
-1.515925645828247070e+00
-8.107329905033111572e-02
-8.984962105751037598e-01
-2.037433832883834839e-01
-4.166423678398132324e-01
-9.196310639381408691e-01
-4.058455824851989746e-01
-8.164784312248229980e-01
-1.233438029885292053e-01
-9.077150821685791016e-01
